P = (cases = 10, n = 10, m = 4)
[p, d] = [16, 107] [27, 107] [30, 107] [32, 107] [34, 107] [34, 107] [37, 107] [60, 107] [61, 107] [99, 107] 
[p, d] = [5, 126] [22, 126] [32, 126] [37, 126] [37, 126] [55, 126] [72, 126] [77, 126] [80, 126] [87, 126] 
[p, d] = [20, 165] [35, 165] [36, 165] [68, 165] [74, 165] [79, 165] [82, 165] [85, 165] [87, 165] [95, 165] 
[p, d] = [20, 125] [22, 125] [30, 125] [40, 125] [41, 125] [43, 125] [65, 125] [68, 125] [72, 125] [99, 125] 
[p, d] = [17, 152] [23, 152] [42, 152] [58, 152] [65, 152] [67, 152] [68, 152] [82, 152] [89, 152] [98, 152] 
[p, d] = [15, 123] [18, 123] [36, 123] [43, 123] [45, 123] [58, 123] [59, 123] [59, 123] [78, 123] [84, 123] 
[p, d] = [23, 143] [36, 143] [40, 143] [42, 143] [46, 143] [51, 143] [69, 143] [79, 143] [89, 143] [99, 143] 
[p, d] = [19, 120] [19, 120] [21, 120] [40, 120] [47, 120] [52, 120] [54, 120] [60, 120] [82, 120] [88, 120] 
[p, d] = [9, 115] [17, 115] [24, 115] [31, 115] [35, 115] [52, 115] [54, 115] [76, 115] [78, 115] [86, 115] 
[p, d] = [21, 137] [23, 137] [28, 137] [43, 137] [46, 137] [65, 137] [69, 137] [77, 137] [80, 137] [99, 137] 
P = (cases = 10, n = 11, m = 4)
[p, d] = [12, 117] [19, 117] [29, 117] [29, 117] [36, 117] [43, 117] [49, 117] [54, 117] [59, 117] [65, 117] [75, 117] 
[p, d] = [8, 130] [17, 130] [20, 130] [24, 130] [25, 130] [41, 130] [70, 130] [71, 130] [72, 130] [77, 130] [97, 130] 
[p, d] = [30, 162] [30, 162] [41, 162] [50, 162] [52, 162] [55, 162] [61, 162] [65, 162] [79, 162] [88, 162] [99, 162] 
[p, d] = [9, 150] [9, 150] [15, 150] [38, 150] [59, 150] [64, 150] [64, 150] [76, 150] [84, 150] [86, 150] [98, 150] 
[p, d] = [15, 133] [16, 133] [23, 133] [24, 133] [40, 133] [42, 133] [50, 133] [65, 133] [81, 133] [82, 133] [94, 133] 
[p, d] = [8, 114] [10, 114] [12, 114] [15, 114] [15, 114] [19, 114] [60, 114] [68, 114] [72, 114] [79, 114] [98, 114] 
[p, d] = [12, 131] [20, 131] [20, 131] [28, 131] [36, 131] [37, 131] [43, 131] [67, 131] [81, 131] [84, 131] [99, 131] 
[p, d] = [29, 163] [31, 163] [37, 163] [39, 163] [50, 163] [60, 163] [76, 163] [78, 163] [80, 163] [85, 163] [88, 163] 
[p, d] = [26, 172] [30, 172] [42, 172] [49, 172] [58, 172] [66, 172] [73, 172] [75, 172] [84, 172] [90, 172] [97, 172] 
[p, d] = [6, 115] [15, 115] [18, 115] [31, 115] [35, 115] [36, 115] [42, 115] [49, 115] [55, 115] [86, 115] [88, 115] 
P = (cases = 10, n = 12, m = 4)
[p, d] = [17, 179] [22, 179] [25, 179] [50, 179] [50, 179] [57, 179] [60, 179] [71, 179] [82, 179] [91, 179] [96, 179] [98, 179] 
[p, d] = [9, 136] [18, 136] [27, 136] [31, 136] [32, 136] [42, 136] [43, 136] [52, 136] [55, 136] [59, 136] [82, 136] [95, 136] 
[p, d] = [7, 155] [17, 155] [19, 155] [27, 155] [34, 155] [45, 155] [48, 155] [60, 155] [86, 155] [89, 155] [92, 155] [99, 155] 
[p, d] = [8, 151] [8, 151] [18, 151] [23, 151] [36, 151] [50, 151] [69, 151] [72, 151] [72, 151] [79, 151] [83, 151] [88, 151] 
[p, d] = [13, 172] [17, 172] [31, 172] [35, 172] [62, 172] [65, 172] [65, 172] [68, 172] [73, 172] [83, 172] [85, 172] [91, 172] 
[p, d] = [12, 141] [12, 141] [13, 141] [28, 141] [46, 141] [47, 141] [51, 141] [57, 141] [59, 141] [61, 141] [83, 141] [98, 141] 
[p, d] = [7, 130] [10, 130] [13, 130] [21, 130] [24, 130] [25, 130] [27, 130] [66, 130] [68, 130] [79, 130] [90, 130] [90, 130] 
[p, d] = [5, 170] [7, 170] [14, 170] [30, 170] [42, 170] [59, 170] [80, 170] [81, 170] [83, 170] [89, 170] [94, 170] [99, 170] 
[p, d] = [28, 169] [32, 169] [36, 169] [42, 169] [45, 169] [48, 169] [58, 169] [65, 169] [71, 169] [71, 169] [85, 169] [96, 169] 
[p, d] = [5, 162] [8, 162] [28, 162] [30, 162] [37, 162] [65, 162] [66, 162] [72, 162] [74, 162] [75, 162] [91, 162] [99, 162] 
P = (cases = 10, n = 13, m = 4)
[p, d] = [22, 200] [22, 200] [23, 200] [40, 200] [49, 200] [51, 200] [77, 200] [78, 200] [80, 200] [84, 200] [86, 200] [94, 200] [94, 200] 
[p, d] = [11, 180] [14, 180] [20, 180] [30, 180] [46, 180] [50, 180] [62, 180] [70, 180] [74, 180] [79, 180] [85, 180] [90, 180] [92, 180] 
[p, d] = [7, 175] [23, 175] [24, 175] [24, 175] [41, 175] [43, 175] [48, 175] [65, 175] [67, 175] [81, 175] [89, 175] [89, 175] [99, 175] 
[p, d] = [7, 164] [9, 164] [21, 164] [30, 164] [41, 164] [44, 164] [57, 164] [58, 164] [68, 164] [72, 164] [78, 164] [79, 164] [95, 164] 
[p, d] = [9, 201] [15, 201] [30, 201] [32, 201] [33, 201] [47, 201] [72, 201] [90, 201] [93, 201] [94, 201] [95, 201] [96, 201] [99, 201] 
[p, d] = [10, 153] [15, 153] [23, 153] [24, 153] [28, 153] [31, 153] [39, 153] [48, 153] [67, 153] [74, 153] [76, 153] [82, 153] [98, 153] 
[p, d] = [7, 125] [11, 125] [14, 125] [14, 125] [16, 125] [17, 125] [38, 125] [56, 125] [59, 125] [60, 125] [66, 125] [71, 125] [73, 125] 
[p, d] = [6, 192] [12, 192] [18, 192] [24, 192] [51, 192] [66, 192] [72, 192] [73, 192] [75, 192] [86, 192] [93, 192] [96, 192] [98, 192] 
[p, d] = [6, 179] [13, 179] [33, 179] [41, 179] [44, 179] [46, 179] [59, 179] [62, 179] [63, 179] [79, 179] [85, 179] [91, 179] [96, 179] 
[p, d] = [15, 171] [27, 171] [27, 171] [28, 171] [40, 171] [49, 171] [54, 171] [54, 171] [64, 171] [66, 171] [69, 171] [97, 171] [97, 171] 
P = (cases = 10, n = 14, m = 4)
[p, d] = [11, 188] [22, 188] [27, 188] [30, 188] [44, 188] [48, 188] [49, 188] [57, 188] [65, 188] [68, 188] [78, 188] [82, 188] [83, 188] [91, 188] 
[p, d] = [9, 179] [24, 179] [27, 179] [31, 179] [32, 179] [38, 179] [41, 179] [43, 179] [53, 179] [74, 179] [77, 179] [85, 179] [89, 179] [95, 179] 
[p, d] = [5, 158] [8, 158] [9, 158] [24, 158] [26, 158] [28, 158] [44, 158] [50, 158] [52, 158] [59, 158] [77, 158] [81, 158] [85, 158] [86, 158] 
[p, d] = [5, 142] [10, 142] [15, 142] [16, 142] [20, 142] [23, 142] [23, 142] [27, 142] [38, 142] [57, 142] [72, 142] [73, 142] [94, 142] [98, 142] 
[p, d] = [5, 121] [7, 121] [9, 121] [14, 121] [17, 121] [25, 121] [26, 121] [35, 121] [41, 121] [46, 121] [49, 121] [59, 121] [72, 121] [82, 121] 
[p, d] = [5, 116] [11, 116] [13, 116] [16, 116] [19, 116] [25, 116] [25, 116] [27, 116] [31, 116] [34, 116] [51, 116] [67, 116] [70, 116] [70, 116] 
[p, d] = [5, 159] [5, 159] [32, 159] [37, 159] [37, 159] [44, 159] [45, 159] [46, 159] [50, 159] [56, 159] [61, 159] [71, 159] [73, 159] [74, 159] 
[p, d] = [8, 200] [10, 200] [15, 200] [16, 200] [47, 200] [48, 200] [61, 200] [73, 200] [74, 200] [80, 200] [82, 200] [94, 200] [97, 200] [97, 200] 
[p, d] = [8, 188] [26, 188] [34, 188] [37, 188] [40, 188] [41, 188] [54, 188] [57, 188] [60, 188] [67, 188] [70, 188] [82, 188] [84, 188] [92, 188] 
[p, d] = [13, 155] [13, 155] [19, 155] [28, 155] [31, 155] [31, 155] [32, 155] [42, 155] [44, 155] [55, 155] [69, 155] [70, 155] [85, 155] [89, 155] 
