P = (cases = 10, n = 50, m = 3)
[p, d] = [8, 884] [9, 884] [12, 884] [13, 884] [14, 884] [15, 884] [15, 884] [18, 884] [20, 884] [20, 884] [21, 884] [23, 884] [28, 884] [29, 884] [29, 884] [29, 884] [31, 884] [33, 884] [36, 884] [36, 884] [38, 884] [53, 884] [54, 884] [55, 884] [56, 884] [58, 884] [59, 884] [62, 884] [65, 884] [65, 884] [68, 884] [70, 884] [72, 884] [73, 884] [73, 884] [75, 884] [78, 884] [79, 884] [79, 884] [79, 884] [85, 884] [85, 884] [87, 884] [88, 884] [88, 884] [90, 884] [92, 884] [94, 884] [97, 884] [98, 884] 
[p, d] = [5, 814] [5, 814] [7, 814] [8, 814] [9, 814] [10, 814] [12, 814] [12, 814] [12, 814] [13, 814] [23, 814] [23, 814] [24, 814] [28, 814] [31, 814] [33, 814] [35, 814] [39, 814] [39, 814] [40, 814] [41, 814] [44, 814] [44, 814] [46, 814] [50, 814] [50, 814] [52, 814] [56, 814] [59, 814] [60, 814] [61, 814] [62, 814] [63, 814] [63, 814] [64, 814] [64, 814] [66, 814] [69, 814] [71, 814] [72, 814] [74, 814] [74, 814] [75, 814] [86, 814] [91, 814] [92, 814] [95, 814] [96, 814] [97, 814] [98, 814] 
[p, d] = [7, 842] [7, 842] [9, 842] [9, 842] [11, 842] [12, 842] [12, 842] [16, 842] [20, 842] [21, 842] [27, 842] [28, 842] [33, 842] [33, 842] [33, 842] [40, 842] [41, 842] [42, 842] [43, 842] [43, 842] [43, 842] [45, 842] [46, 842] [50, 842] [51, 842] [52, 842] [52, 842] [53, 842] [53, 842] [55, 842] [56, 842] [59, 842] [60, 842] [65, 842] [66, 842] [67, 842] [68, 842] [68, 842] [71, 842] [73, 842] [81, 842] [83, 842] [84, 842] [84, 842] [86, 842] [90, 842] [92, 842] [93, 842] [96, 842] [99, 842] 
[p, d] = [7, 907] [9, 907] [10, 907] [13, 907] [15, 907] [20, 907] [20, 907] [22, 907] [23, 907] [27, 907] [27, 907] [28, 907] [30, 907] [30, 907] [32, 907] [34, 907] [35, 907] [35, 907] [35, 907] [36, 907] [37, 907] [39, 907] [40, 907] [51, 907] [54, 907] [55, 907] [58, 907] [59, 907] [60, 907] [61, 907] [66, 907] [69, 907] [76, 907] [81, 907] [84, 907] [84, 907] [85, 907] [85, 907] [85, 907] [85, 907] [86, 907] [86, 907] [88, 907] [89, 907] [90, 907] [95, 907] [95, 907] [96, 907] [97, 907] [99, 907] 
[p, d] = [5, 843] [7, 843] [7, 843] [8, 843] [11, 843] [12, 843] [13, 843] [20, 843] [20, 843] [21, 843] [21, 843] [22, 843] [32, 843] [34, 843] [34, 843] [35, 843] [39, 843] [40, 843] [42, 843] [43, 843] [43, 843] [46, 843] [50, 843] [51, 843] [52, 843] [52, 843] [54, 843] [54, 843] [54, 843] [56, 843] [57, 843] [58, 843] [58, 843] [64, 843] [65, 843] [67, 843] [70, 843] [72, 843] [72, 843] [77, 843] [78, 843] [85, 843] [85, 843] [88, 843] [89, 843] [91, 843] [92, 843] [93, 843] [94, 843] [97, 843] 
[p, d] = [5, 795] [5, 795] [5, 795] [7, 795] [11, 795] [11, 795] [14, 795] [16, 795] [18, 795] [18, 795] [19, 795] [21, 795] [22, 795] [28, 795] [37, 795] [37, 795] [39, 795] [39, 795] [40, 795] [43, 795] [43, 795] [44, 795] [46, 795] [48, 795] [49, 795] [50, 795] [52, 795] [54, 795] [56, 795] [56, 795] [57, 795] [61, 795] [63, 795] [63, 795] [64, 795] [65, 795] [65, 795] [65, 795] [67, 795] [68, 795] [68, 795] [72, 795] [74, 795] [75, 795] [76, 795] [82, 795] [83, 795] [94, 795] [95, 795] [95, 795] 
[p, d] = [10, 872] [10, 872] [11, 872] [11, 872] [16, 872] [20, 872] [21, 872] [22, 872] [23, 872] [25, 872] [27, 872] [28, 872] [30, 872] [31, 872] [32, 872] [32, 872] [32, 872] [36, 872] [42, 872] [43, 872] [44, 872] [45, 872] [45, 872] [47, 872] [49, 872] [50, 872] [51, 872] [57, 872] [57, 872] [62, 872] [63, 872] [64, 872] [65, 872] [68, 872] [71, 872] [72, 872] [78, 872] [79, 872] [79, 872] [79, 872] [80, 872] [80, 872] [80, 872] [85, 872] [89, 872] [91, 872] [92, 872] [95, 872] [98, 872] [99, 872] 
[p, d] = [6, 933] [7, 933] [12, 933] [12, 933] [18, 933] [20, 933] [24, 933] [26, 933] [26, 933] [28, 933] [29, 933] [29, 933] [36, 933] [42, 933] [42, 933] [46, 933] [47, 933] [49, 933] [50, 933] [50, 933] [51, 933] [52, 933] [57, 933] [57, 933] [57, 933] [58, 933] [60, 933] [61, 933] [63, 933] [65, 933] [66, 933] [70, 933] [72, 933] [72, 933] [72, 933] [76, 933] [76, 933] [78, 933] [83, 933] [83, 933] [84, 933] [84, 933] [85, 933] [85, 933] [86, 933] [88, 933] [88, 933] [88, 933] [91, 933] [93, 933] 
[p, d] = [5, 868] [5, 868] [7, 868] [9, 868] [9, 868] [10, 868] [15, 868] [17, 868] [19, 868] [23, 868] [23, 868] [27, 868] [31, 868] [31, 868] [32, 868] [35, 868] [35, 868] [36, 868] [38, 868] [44, 868] [45, 868] [48, 868] [53, 868] [54, 868] [56, 868] [57, 868] [57, 868] [57, 868] [58, 868] [59, 868] [62, 868] [64, 868] [65, 868] [66, 868] [68, 868] [71, 868] [73, 868] [75, 868] [79, 868] [82, 868] [83, 868] [84, 868] [85, 868] [87, 868] [88, 868] [91, 868] [95, 868] [96, 868] [98, 868] [99, 868] 
[p, d] = [6, 849] [7, 849] [11, 849] [12, 849] [12, 849] [15, 849] [17, 849] [21, 849] [23, 849] [24, 849] [27, 849] [27, 849] [28, 849] [28, 849] [28, 849] [29, 849] [30, 849] [36, 849] [40, 849] [40, 849] [45, 849] [46, 849] [48, 849] [52, 849] [52, 849] [53, 849] [53, 849] [54, 849] [54, 849] [55, 849] [56, 849] [64, 849] [64, 849] [69, 849] [71, 849] [72, 849] [74, 849] [75, 849] [76, 849] [77, 849] [77, 849] [80, 849] [82, 849] [83, 849] [86, 849] [89, 849] [91, 849] [94, 849] [95, 849] [99, 849] 
P = (cases = 10, n = 70, m = 3)
[p, d] = [5, 1166] [5, 1166] [6, 1166] [9, 1166] [9, 1166] [9, 1166] [9, 1166] [10, 1166] [10, 1166] [11, 1166] [14, 1166] [18, 1166] [18, 1166] [19, 1166] [19, 1166] [21, 1166] [23, 1166] [24, 1166] [26, 1166] [27, 1166] [28, 1166] [28, 1166] [29, 1166] [30, 1166] [30, 1166] [30, 1166] [31, 1166] [35, 1166] [35, 1166] [39, 1166] [41, 1166] [43, 1166] [45, 1166] [46, 1166] [48, 1166] [53, 1166] [54, 1166] [55, 1166] [55, 1166] [56, 1166] [57, 1166] [58, 1166] [61, 1166] [63, 1166] [65, 1166] [68, 1166] [72, 1166] [73, 1166] [73, 1166] [75, 1166] [76, 1166] [76, 1166] [78, 1166] [78, 1166] [79, 1166] [80, 1166] [82, 1166] [82, 1166] [82, 1166] [85, 1166] [85, 1166] [85, 1166] [89, 1166] [92, 1166] [94, 1166] [96, 1166] [97, 1166] [98, 1166] [99, 1166] [99, 1166] 
[p, d] = [6, 1204] [6, 1204] [9, 1204] [10, 1204] [10, 1204] [12, 1204] [13, 1204] [13, 1204] [14, 1204] [15, 1204] [17, 1204] [19, 1204] [19, 1204] [22, 1204] [25, 1204] [27, 1204] [28, 1204] [30, 1204] [31, 1204] [31, 1204] [31, 1204] [36, 1204] [37, 1204] [37, 1204] [39, 1204] [41, 1204] [42, 1204] [42, 1204] [43, 1204] [43, 1204] [44, 1204] [44, 1204] [49, 1204] [50, 1204] [51, 1204] [51, 1204] [54, 1204] [55, 1204] [56, 1204] [56, 1204] [58, 1204] [60, 1204] [60, 1204] [65, 1204] [66, 1204] [66, 1204] [66, 1204] [67, 1204] [69, 1204] [69, 1204] [74, 1204] [75, 1204] [75, 1204] [77, 1204] [78, 1204] [78, 1204] [80, 1204] [80, 1204] [83, 1204] [83, 1204] [86, 1204] [89, 1204] [90, 1204] [90, 1204] [92, 1204] [92, 1204] [94, 1204] [96, 1204] [97, 1204] [99, 1204] 
[p, d] = [7, 1138] [9, 1138] [10, 1138] [10, 1138] [11, 1138] [12, 1138] [15, 1138] [16, 1138] [16, 1138] [19, 1138] [21, 1138] [21, 1138] [22, 1138] [22, 1138] [22, 1138] [24, 1138] [24, 1138] [25, 1138] [27, 1138] [27, 1138] [28, 1138] [29, 1138] [32, 1138] [32, 1138] [32, 1138] [33, 1138] [33, 1138] [38, 1138] [38, 1138] [39, 1138] [40, 1138] [43, 1138] [43, 1138] [46, 1138] [50, 1138] [52, 1138] [53, 1138] [53, 1138] [54, 1138] [56, 1138] [56, 1138] [56, 1138] [57, 1138] [57, 1138] [58, 1138] [58, 1138] [62, 1138] [63, 1138] [63, 1138] [63, 1138] [64, 1138] [72, 1138] [73, 1138] [74, 1138] [74, 1138] [74, 1138] [76, 1138] [78, 1138] [79, 1138] [80, 1138] [81, 1138] [86, 1138] [86, 1138] [87, 1138] [87, 1138] [88, 1138] [92, 1138] [92, 1138] [97, 1138] [98, 1138] 
[p, d] = [5, 1230] [6, 1230] [9, 1230] [12, 1230] [15, 1230] [15, 1230] [16, 1230] [17, 1230] [20, 1230] [20, 1230] [23, 1230] [23, 1230] [25, 1230] [28, 1230] [28, 1230] [28, 1230] [31, 1230] [31, 1230] [31, 1230] [34, 1230] [35, 1230] [37, 1230] [38, 1230] [38, 1230] [39, 1230] [39, 1230] [41, 1230] [42, 1230] [44, 1230] [45, 1230] [46, 1230] [51, 1230] [52, 1230] [52, 1230] [54, 1230] [55, 1230] [56, 1230] [57, 1230] [57, 1230] [57, 1230] [57, 1230] [57, 1230] [62, 1230] [63, 1230] [63, 1230] [67, 1230] [69, 1230] [73, 1230] [75, 1230] [76, 1230] [76, 1230] [76, 1230] [77, 1230] [78, 1230] [78, 1230] [78, 1230] [82, 1230] [82, 1230] [82, 1230] [83, 1230] [83, 1230] [83, 1230] [85, 1230] [87, 1230] [88, 1230] [89, 1230] [90, 1230] [90, 1230] [92, 1230] [99, 1230] 
[p, d] = [8, 1145] [8, 1145] [9, 1145] [10, 1145] [12, 1145] [14, 1145] [18, 1145] [18, 1145] [21, 1145] [21, 1145] [21, 1145] [21, 1145] [23, 1145] [24, 1145] [25, 1145] [26, 1145] [27, 1145] [27, 1145] [29, 1145] [31, 1145] [32, 1145] [32, 1145] [33, 1145] [34, 1145] [35, 1145] [35, 1145] [36, 1145] [36, 1145] [36, 1145] [36, 1145] [37, 1145] [41, 1145] [43, 1145] [43, 1145] [43, 1145] [43, 1145] [44, 1145] [50, 1145] [51, 1145] [51, 1145] [51, 1145] [52, 1145] [55, 1145] [56, 1145] [60, 1145] [61, 1145] [63, 1145] [63, 1145] [63, 1145] [64, 1145] [64, 1145] [65, 1145] [68, 1145] [69, 1145] [72, 1145] [74, 1145] [77, 1145] [80, 1145] [82, 1145] [84, 1145] [87, 1145] [89, 1145] [89, 1145] [91, 1145] [94, 1145] [94, 1145] [94, 1145] [95, 1145] [96, 1145] [99, 1145] 
[p, d] = [5, 1193] [5, 1193] [6, 1193] [7, 1193] [10, 1193] [10, 1193] [12, 1193] [12, 1193] [13, 1193] [13, 1193] [13, 1193] [14, 1193] [17, 1193] [18, 1193] [22, 1193] [23, 1193] [23, 1193] [23, 1193] [24, 1193] [27, 1193] [27, 1193] [28, 1193] [32, 1193] [34, 1193] [35, 1193] [37, 1193] [39, 1193] [39, 1193] [40, 1193] [41, 1193] [41, 1193] [46, 1193] [46, 1193] [50, 1193] [51, 1193] [52, 1193] [53, 1193] [54, 1193] [56, 1193] [60, 1193] [61, 1193] [61, 1193] [64, 1193] [65, 1193] [65, 1193] [70, 1193] [70, 1193] [71, 1193] [72, 1193] [74, 1193] [75, 1193] [75, 1193] [79, 1193] [80, 1193] [80, 1193] [81, 1193] [82, 1193] [86, 1193] [88, 1193] [88, 1193] [89, 1193] [90, 1193] [90, 1193] [92, 1193] [94, 1193] [94, 1193] [95, 1193] [96, 1193] [97, 1193] [98, 1193] 
[p, d] = [5, 1169] [5, 1169] [7, 1169] [7, 1169] [9, 1169] [9, 1169] [11, 1169] [11, 1169] [12, 1169] [13, 1169] [16, 1169] [20, 1169] [21, 1169] [24, 1169] [25, 1169] [27, 1169] [27, 1169] [31, 1169] [33, 1169] [33, 1169] [33, 1169] [33, 1169] [34, 1169] [34, 1169] [34, 1169] [37, 1169] [37, 1169] [40, 1169] [41, 1169] [41, 1169] [41, 1169] [41, 1169] [45, 1169] [45, 1169] [46, 1169] [46, 1169] [47, 1169] [47, 1169] [52, 1169] [54, 1169] [56, 1169] [63, 1169] [63, 1169] [63, 1169] [65, 1169] [65, 1169] [66, 1169] [66, 1169] [67, 1169] [68, 1169] [69, 1169] [71, 1169] [72, 1169] [75, 1169] [76, 1169] [79, 1169] [82, 1169] [83, 1169] [84, 1169] [85, 1169] [86, 1169] [88, 1169] [89, 1169] [89, 1169] [90, 1169] [91, 1169] [94, 1169] [95, 1169] [96, 1169] [99, 1169] 
[p, d] = [5, 1198] [5, 1198] [5, 1198] [8, 1198] [8, 1198] [9, 1198] [10, 1198] [10, 1198] [13, 1198] [16, 1198] [18, 1198] [19, 1198] [21, 1198] [22, 1198] [23, 1198] [23, 1198] [24, 1198] [26, 1198] [27, 1198] [28, 1198] [28, 1198] [29, 1198] [33, 1198] [33, 1198] [33, 1198] [34, 1198] [36, 1198] [37, 1198] [40, 1198] [42, 1198] [42, 1198] [46, 1198] [48, 1198] [48, 1198] [49, 1198] [50, 1198] [54, 1198] [57, 1198] [58, 1198] [60, 1198] [60, 1198] [62, 1198] [64, 1198] [64, 1198] [66, 1198] [66, 1198] [66, 1198] [68, 1198] [71, 1198] [79, 1198] [80, 1198] [80, 1198] [80, 1198] [80, 1198] [82, 1198] [83, 1198] [83, 1198] [85, 1198] [85, 1198] [85, 1198] [86, 1198] [87, 1198] [90, 1198] [92, 1198] [92, 1198] [94, 1198] [95, 1198] [97, 1198] [98, 1198] [99, 1198] 
[p, d] = [5, 1097] [10, 1097] [10, 1097] [10, 1097] [10, 1097] [11, 1097] [13, 1097] [14, 1097] [16, 1097] [16, 1097] [17, 1097] [20, 1097] [20, 1097] [21, 1097] [22, 1097] [23, 1097] [24, 1097] [25, 1097] [26, 1097] [28, 1097] [29, 1097] [31, 1097] [31, 1097] [32, 1097] [32, 1097] [32, 1097] [34, 1097] [34, 1097] [34, 1097] [35, 1097] [37, 1097] [38, 1097] [39, 1097] [43, 1097] [44, 1097] [46, 1097] [49, 1097] [53, 1097] [55, 1097] [56, 1097] [56, 1097] [56, 1097] [57, 1097] [58, 1097] [58, 1097] [58, 1097] [59, 1097] [63, 1097] [63, 1097] [67, 1097] [68, 1097] [69, 1097] [69, 1097] [69, 1097] [72, 1097] [72, 1097] [73, 1097] [74, 1097] [75, 1097] [76, 1097] [76, 1097] [76, 1097] [82, 1097] [84, 1097] [85, 1097] [86, 1097] [87, 1097] [89, 1097] [94, 1097] [95, 1097] 
[p, d] = [5, 1270] [5, 1270] [8, 1270] [12, 1270] [18, 1270] [22, 1270] [22, 1270] [24, 1270] [24, 1270] [25, 1270] [25, 1270] [25, 1270] [27, 1270] [29, 1270] [29, 1270] [31, 1270] [32, 1270] [32, 1270] [34, 1270] [38, 1270] [39, 1270] [39, 1270] [40, 1270] [41, 1270] [42, 1270] [43, 1270] [44, 1270] [44, 1270] [47, 1270] [49, 1270] [50, 1270] [50, 1270] [51, 1270] [52, 1270] [52, 1270] [54, 1270] [54, 1270] [56, 1270] [59, 1270] [63, 1270] [64, 1270] [64, 1270] [66, 1270] [67, 1270] [67, 1270] [68, 1270] [68, 1270] [68, 1270] [68, 1270] [69, 1270] [70, 1270] [79, 1270] [80, 1270] [81, 1270] [81, 1270] [82, 1270] [83, 1270] [84, 1270] [85, 1270] [85, 1270] [86, 1270] [86, 1270] [87, 1270] [88, 1270] [89, 1270] [90, 1270] [92, 1270] [92, 1270] [92, 1270] [93, 1270] 
P = (cases = 10, n = 90, m = 3)
[p, d] = [5, 1471] [5, 1471] [5, 1471] [6, 1471] [8, 1471] [8, 1471] [8, 1471] [9, 1471] [9, 1471] [9, 1471] [13, 1471] [13, 1471] [14, 1471] [14, 1471] [16, 1471] [17, 1471] [18, 1471] [19, 1471] [19, 1471] [21, 1471] [23, 1471] [23, 1471] [24, 1471] [24, 1471] [24, 1471] [25, 1471] [25, 1471] [26, 1471] [27, 1471] [28, 1471] [28, 1471] [29, 1471] [30, 1471] [31, 1471] [35, 1471] [37, 1471] [39, 1471] [41, 1471] [41, 1471] [41, 1471] [41, 1471] [45, 1471] [46, 1471] [48, 1471] [49, 1471] [50, 1471] [51, 1471] [53, 1471] [57, 1471] [57, 1471] [59, 1471] [59, 1471] [61, 1471] [61, 1471] [63, 1471] [63, 1471] [64, 1471] [65, 1471] [65, 1471] [66, 1471] [67, 1471] [67, 1471] [67, 1471] [68, 1471] [68, 1471] [69, 1471] [70, 1471] [72, 1471] [73, 1471] [74, 1471] [75, 1471] [76, 1471] [76, 1471] [77, 1471] [80, 1471] [81, 1471] [86, 1471] [86, 1471] [86, 1471] [87, 1471] [91, 1471] [91, 1471] [92, 1471] [94, 1471] [95, 1471] [95, 1471] [97, 1471] [97, 1471] [99, 1471] [99, 1471] 
[p, d] = [5, 1790] [9, 1790] [12, 1790] [14, 1790] [17, 1790] [21, 1790] [22, 1790] [23, 1790] [24, 1790] [24, 1790] [25, 1790] [25, 1790] [28, 1790] [28, 1790] [30, 1790] [32, 1790] [34, 1790] [36, 1790] [36, 1790] [37, 1790] [37, 1790] [38, 1790] [39, 1790] [40, 1790] [41, 1790] [41, 1790] [42, 1790] [43, 1790] [44, 1790] [44, 1790] [44, 1790] [46, 1790] [46, 1790] [46, 1790] [47, 1790] [47, 1790] [50, 1790] [53, 1790] [53, 1790] [54, 1790] [54, 1790] [55, 1790] [56, 1790] [62, 1790] [64, 1790] [66, 1790] [67, 1790] [67, 1790] [68, 1790] [68, 1790] [68, 1790] [68, 1790] [70, 1790] [70, 1790] [71, 1790] [71, 1790] [71, 1790] [72, 1790] [72, 1790] [72, 1790] [75, 1790] [80, 1790] [81, 1790] [82, 1790] [82, 1790] [83, 1790] [83, 1790] [85, 1790] [85, 1790] [86, 1790] [86, 1790] [87, 1790] [87, 1790] [88, 1790] [88, 1790] [90, 1790] [90, 1790] [91, 1790] [91, 1790] [92, 1790] [93, 1790] [93, 1790] [93, 1790] [94, 1790] [95, 1790] [95, 1790] [96, 1790] [96, 1790] [96, 1790] [99, 1790] 
[p, d] = [6, 1647] [6, 1647] [7, 1647] [7, 1647] [12, 1647] [12, 1647] [14, 1647] [14, 1647] [15, 1647] [15, 1647] [18, 1647] [18, 1647] [21, 1647] [23, 1647] [24, 1647] [24, 1647] [26, 1647] [26, 1647] [29, 1647] [29, 1647] [29, 1647] [31, 1647] [36, 1647] [36, 1647] [36, 1647] [37, 1647] [39, 1647] [39, 1647] [40, 1647] [43, 1647] [44, 1647] [44, 1647] [45, 1647] [45, 1647] [46, 1647] [46, 1647] [46, 1647] [47, 1647] [48, 1647] [48, 1647] [49, 1647] [49, 1647] [50, 1647] [51, 1647] [51, 1647] [53, 1647] [54, 1647] [55, 1647] [57, 1647] [57, 1647] [59, 1647] [62, 1647] [64, 1647] [66, 1647] [68, 1647] [69, 1647] [69, 1647] [71, 1647] [71, 1647] [71, 1647] [72, 1647] [73, 1647] [74, 1647] [74, 1647] [77, 1647] [77, 1647] [79, 1647] [79, 1647] [79, 1647] [80, 1647] [81, 1647] [83, 1647] [84, 1647] [84, 1647] [85, 1647] [86, 1647] [86, 1647] [87, 1647] [88, 1647] [89, 1647] [91, 1647] [94, 1647] [94, 1647] [95, 1647] [95, 1647] [96, 1647] [98, 1647] [98, 1647] [99, 1647] [99, 1647] 
[p, d] = [5, 1521] [5, 1521] [6, 1521] [8, 1521] [9, 1521] [10, 1521] [10, 1521] [10, 1521] [11, 1521] [12, 1521] [13, 1521] [13, 1521] [13, 1521] [13, 1521] [13, 1521] [14, 1521] [18, 1521] [18, 1521] [20, 1521] [22, 1521] [23, 1521] [25, 1521] [25, 1521] [25, 1521] [26, 1521] [27, 1521] [28, 1521] [30, 1521] [32, 1521] [33, 1521] [34, 1521] [34, 1521] [35, 1521] [37, 1521] [38, 1521] [39, 1521] [40, 1521] [40, 1521] [41, 1521] [43, 1521] [44, 1521] [47, 1521] [48, 1521] [48, 1521] [49, 1521] [49, 1521] [52, 1521] [52, 1521] [54, 1521] [56, 1521] [57, 1521] [60, 1521] [61, 1521] [62, 1521] [62, 1521] [62, 1521] [63, 1521] [64, 1521] [67, 1521] [68, 1521] [69, 1521] [70, 1521] [70, 1521] [73, 1521] [76, 1521] [77, 1521] [77, 1521] [77, 1521] [77, 1521] [80, 1521] [81, 1521] [81, 1521] [81, 1521] [84, 1521] [85, 1521] [85, 1521] [85, 1521] [86, 1521] [90, 1521] [90, 1521] [92, 1521] [93, 1521] [93, 1521] [93, 1521] [93, 1521] [94, 1521] [96, 1521] [96, 1521] [97, 1521] [99, 1521] 
[p, d] = [5, 1417] [6, 1417] [6, 1417] [8, 1417] [9, 1417] [9, 1417] [9, 1417] [9, 1417] [13, 1417] [14, 1417] [14, 1417] [15, 1417] [15, 1417] [16, 1417] [16, 1417] [17, 1417] [18, 1417] [18, 1417] [18, 1417] [20, 1417] [20, 1417] [20, 1417] [23, 1417] [24, 1417] [24, 1417] [27, 1417] [28, 1417] [28, 1417] [30, 1417] [30, 1417] [30, 1417] [33, 1417] [33, 1417] [35, 1417] [35, 1417] [36, 1417] [37, 1417] [37, 1417] [37, 1417] [39, 1417] [39, 1417] [40, 1417] [41, 1417] [41, 1417] [41, 1417] [41, 1417] [42, 1417] [44, 1417] [48, 1417] [48, 1417] [53, 1417] [54, 1417] [55, 1417] [55, 1417] [56, 1417] [57, 1417] [57, 1417] [58, 1417] [58, 1417] [60, 1417] [61, 1417] [61, 1417] [63, 1417] [64, 1417] [68, 1417] [68, 1417] [70, 1417] [74, 1417] [74, 1417] [75, 1417] [76, 1417] [76, 1417] [76, 1417] [77, 1417] [77, 1417] [80, 1417] [82, 1417] [83, 1417] [83, 1417] [84, 1417] [86, 1417] [88, 1417] [89, 1417] [91, 1417] [92, 1417] [93, 1417] [97, 1417] [98, 1417] [99, 1417] [99, 1417] 
[p, d] = [5, 1666] [5, 1666] [7, 1666] [7, 1666] [8, 1666] [8, 1666] [9, 1666] [9, 1666] [10, 1666] [11, 1666] [11, 1666] [13, 1666] [15, 1666] [16, 1666] [16, 1666] [18, 1666] [22, 1666] [22, 1666] [27, 1666] [28, 1666] [28, 1666] [29, 1666] [30, 1666] [31, 1666] [32, 1666] [32, 1666] [33, 1666] [36, 1666] [38, 1666] [39, 1666] [40, 1666] [40, 1666] [41, 1666] [42, 1666] [44, 1666] [46, 1666] [47, 1666] [48, 1666] [49, 1666] [49, 1666] [54, 1666] [55, 1666] [56, 1666] [56, 1666] [59, 1666] [59, 1666] [60, 1666] [65, 1666] [66, 1666] [67, 1666] [69, 1666] [69, 1666] [70, 1666] [70, 1666] [71, 1666] [73, 1666] [75, 1666] [76, 1666] [77, 1666] [77, 1666] [77, 1666] [77, 1666] [78, 1666] [79, 1666] [81, 1666] [82, 1666] [82, 1666] [82, 1666] [83, 1666] [85, 1666] [87, 1666] [87, 1666] [87, 1666] [88, 1666] [89, 1666] [89, 1666] [89, 1666] [90, 1666] [90, 1666] [91, 1666] [91, 1666] [91, 1666] [92, 1666] [93, 1666] [93, 1666] [93, 1666] [95, 1666] [97, 1666] [98, 1666] [99, 1666] 
[p, d] = [5, 1669] [6, 1669] [7, 1669] [10, 1669] [10, 1669] [11, 1669] [11, 1669] [13, 1669] [14, 1669] [21, 1669] [22, 1669] [22, 1669] [22, 1669] [24, 1669] [25, 1669] [27, 1669] [28, 1669] [28, 1669] [29, 1669] [30, 1669] [30, 1669] [30, 1669] [32, 1669] [32, 1669] [33, 1669] [33, 1669] [37, 1669] [38, 1669] [39, 1669] [39, 1669] [40, 1669] [41, 1669] [41, 1669] [41, 1669] [41, 1669] [44, 1669] [45, 1669] [50, 1669] [51, 1669] [52, 1669] [53, 1669] [54, 1669] [54, 1669] [56, 1669] [56, 1669] [58, 1669] [59, 1669] [59, 1669] [60, 1669] [61, 1669] [61, 1669] [65, 1669] [67, 1669] [67, 1669] [68, 1669] [69, 1669] [70, 1669] [71, 1669] [71, 1669] [71, 1669] [71, 1669] [76, 1669] [76, 1669] [76, 1669] [77, 1669] [77, 1669] [78, 1669] [79, 1669] [81, 1669] [83, 1669] [83, 1669] [83, 1669] [85, 1669] [86, 1669] [87, 1669] [88, 1669] [89, 1669] [89, 1669] [91, 1669] [92, 1669] [93, 1669] [93, 1669] [94, 1669] [95, 1669] [96, 1669] [96, 1669] [97, 1669] [97, 1669] [97, 1669] [99, 1669] 
[p, d] = [6, 1515] [7, 1515] [7, 1515] [7, 1515] [8, 1515] [8, 1515] [9, 1515] [10, 1515] [12, 1515] [14, 1515] [15, 1515] [16, 1515] [19, 1515] [19, 1515] [20, 1515] [21, 1515] [22, 1515] [23, 1515] [23, 1515] [24, 1515] [25, 1515] [26, 1515] [26, 1515] [26, 1515] [27, 1515] [27, 1515] [29, 1515] [30, 1515] [32, 1515] [33, 1515] [34, 1515] [36, 1515] [36, 1515] [36, 1515] [39, 1515] [41, 1515] [43, 1515] [45, 1515] [45, 1515] [46, 1515] [48, 1515] [50, 1515] [51, 1515] [53, 1515] [55, 1515] [55, 1515] [55, 1515] [55, 1515] [56, 1515] [58, 1515] [58, 1515] [59, 1515] [59, 1515] [61, 1515] [61, 1515] [62, 1515] [62, 1515] [63, 1515] [64, 1515] [64, 1515] [64, 1515] [65, 1515] [67, 1515] [67, 1515] [67, 1515] [70, 1515] [71, 1515] [72, 1515] [73, 1515] [74, 1515] [74, 1515] [74, 1515] [76, 1515] [76, 1515] [79, 1515] [80, 1515] [84, 1515] [84, 1515] [86, 1515] [86, 1515] [88, 1515] [90, 1515] [92, 1515] [94, 1515] [94, 1515] [94, 1515] [96, 1515] [96, 1515] [96, 1515] [97, 1515] 
[p, d] = [5, 1450] [6, 1450] [7, 1450] [8, 1450] [8, 1450] [12, 1450] [12, 1450] [13, 1450] [13, 1450] [14, 1450] [15, 1450] [15, 1450] [15, 1450] [16, 1450] [18, 1450] [20, 1450] [20, 1450] [20, 1450] [21, 1450] [22, 1450] [23, 1450] [24, 1450] [25, 1450] [25, 1450] [26, 1450] [26, 1450] [26, 1450] [28, 1450] [29, 1450] [29, 1450] [30, 1450] [30, 1450] [32, 1450] [34, 1450] [36, 1450] [37, 1450] [37, 1450] [38, 1450] [39, 1450] [40, 1450] [43, 1450] [44, 1450] [46, 1450] [46, 1450] [49, 1450] [49, 1450] [51, 1450] [51, 1450] [52, 1450] [52, 1450] [52, 1450] [53, 1450] [55, 1450] [55, 1450] [58, 1450] [59, 1450] [61, 1450] [61, 1450] [62, 1450] [62, 1450] [64, 1450] [64, 1450] [64, 1450] [65, 1450] [66, 1450] [67, 1450] [68, 1450] [70, 1450] [71, 1450] [71, 1450] [73, 1450] [74, 1450] [75, 1450] [77, 1450] [77, 1450] [78, 1450] [82, 1450] [84, 1450] [84, 1450] [84, 1450] [85, 1450] [89, 1450] [91, 1450] [94, 1450] [95, 1450] [95, 1450] [96, 1450] [97, 1450] [97, 1450] [99, 1450] 
[p, d] = [6, 1434] [7, 1434] [8, 1434] [9, 1434] [10, 1434] [11, 1434] [11, 1434] [15, 1434] [17, 1434] [18, 1434] [18, 1434] [18, 1434] [20, 1434] [21, 1434] [21, 1434] [21, 1434] [22, 1434] [22, 1434] [23, 1434] [23, 1434] [23, 1434] [24, 1434] [25, 1434] [26, 1434] [27, 1434] [28, 1434] [29, 1434] [30, 1434] [30, 1434] [31, 1434] [31, 1434] [33, 1434] [33, 1434] [33, 1434] [35, 1434] [35, 1434] [36, 1434] [37, 1434] [38, 1434] [39, 1434] [41, 1434] [42, 1434] [42, 1434] [42, 1434] [43, 1434] [44, 1434] [46, 1434] [49, 1434] [49, 1434] [49, 1434] [52, 1434] [52, 1434] [53, 1434] [53, 1434] [54, 1434] [55, 1434] [56, 1434] [57, 1434] [58, 1434] [58, 1434] [58, 1434] [59, 1434] [59, 1434] [63, 1434] [67, 1434] [70, 1434] [71, 1434] [71, 1434] [72, 1434] [73, 1434] [73, 1434] [77, 1434] [77, 1434] [78, 1434] [78, 1434] [79, 1434] [79, 1434] [79, 1434] [82, 1434] [83, 1434] [86, 1434] [86, 1434] [87, 1434] [88, 1434] [90, 1434] [94, 1434] [94, 1434] [95, 1434] [97, 1434] [98, 1434] 
