P = (cases = 10, n = 5, m = 3)
[p, d] = [27, 92] [30, 92] [68, 92] [71, 92] [81, 92] 
[p, d] = [23, 78] [38, 78] [42, 78] [56, 78] [76, 78] 
[p, d] = [10, 94] [27, 94] [75, 94] [83, 94] [87, 94] 
[p, d] = [26, 104] [49, 104] [70, 104] [80, 104] [87, 104] 
[p, d] = [36, 116] [64, 116] [80, 116] [83, 116] [85, 116] 
[p, d] = [8, 82] [35, 82] [41, 82] [64, 82] [98, 82] 
[p, d] = [9, 68] [10, 68] [26, 68] [75, 68] [86, 68] 
[p, d] = [12, 72] [27, 72] [28, 72] [74, 72] [76, 72] 
[p, d] = [33, 88] [43, 88] [54, 88] [65, 88] [71, 88] 
[p, d] = [15, 84] [33, 84] [51, 84] [77, 84] [77, 84] 
P = (cases = 10, n = 7, m = 3)
[p, d] = [20, 132] [28, 132] [44, 132] [49, 132] [70, 132] [93, 132] [94, 132] 
[p, d] = [6, 96] [9, 96] [40, 96] [45, 96] [53, 96] [59, 96] [78, 96] 
[p, d] = [5, 108] [11, 108] [22, 108] [33, 108] [73, 108] [83, 108] [99, 108] 
[p, d] = [27, 138] [41, 138] [54, 138] [54, 138] [63, 138] [82, 138] [95, 138] 
[p, d] = [56, 184] [58, 184] [79, 184] [86, 184] [87, 184] [89, 184] [98, 184] 
[p, d] = [8, 109] [15, 109] [37, 109] [41, 109] [56, 109] [81, 109] [89, 109] 
[p, d] = [5, 79] [5, 79] [17, 79] [27, 79] [39, 79] [65, 79] [81, 79] 
[p, d] = [5, 114] [33, 114] [42, 114] [51, 114] [60, 114] [71, 114] [82, 114] 
[p, d] = [11, 102] [11, 102] [25, 102] [44, 102] [58, 102] [67, 102] [90, 102] 
[p, d] = [16, 155] [43, 155] [72, 155] [73, 155] [82, 155] [89, 155] [91, 155] 
P = (cases = 10, n = 9, m = 3)
[p, d] = [12, 140] [23, 140] [32, 140] [40, 140] [45, 140] [61, 140] [64, 140] [70, 140] [74, 140] 
[p, d] = [20, 154] [21, 154] [27, 154] [42, 154] [43, 154] [54, 154] [76, 154] [82, 154] [97, 154] 
[p, d] = [42, 186] [47, 186] [49, 186] [49, 186] [56, 186] [68, 186] [74, 186] [79, 186] [96, 186] 
[p, d] = [15, 147] [15, 147] [31, 147] [44, 147] [55, 147] [56, 147] [61, 147] [73, 147] [92, 147] 
[p, d] = [6, 196] [52, 196] [59, 196] [64, 196] [71, 196] [72, 196] [82, 196] [86, 196] [96, 196] 
[p, d] = [40, 211] [46, 211] [57, 211] [66, 211] [73, 211] [84, 211] [85, 211] [90, 211] [94, 211] 
[p, d] = [9, 182] [31, 182] [53, 182] [55, 182] [73, 182] [75, 182] [80, 182] [82, 182] [90, 182] 
[p, d] = [7, 156] [17, 156] [29, 156] [49, 156] [55, 156] [57, 156] [65, 156] [92, 156] [97, 156] 
[p, d] = [9, 141] [11, 141] [23, 141] [24, 141] [40, 141] [74, 141] [77, 141] [78, 141] [89, 141] 
[p, d] = [11, 155] [30, 155] [31, 155] [37, 155] [42, 155] [71, 155] [72, 155] [86, 155] [86, 155] 
P = (cases = 10, n = 11, m = 3)
[p, d] = [8, 210] [10, 210] [34, 210] [34, 210] [46, 210] [60, 210] [69, 210] [79, 210] [95, 210] [97, 210] [99, 210] 
[p, d] = [9, 165] [20, 165] [29, 165] [39, 165] [40, 165] [44, 165] [47, 165] [54, 165] [69, 165] [70, 165] [74, 165] 
[p, d] = [6, 151] [11, 151] [16, 151] [22, 151] [25, 151] [28, 151] [37, 151] [66, 151] [75, 151] [81, 151] [87, 151] 
[p, d] = [18, 217] [36, 217] [37, 217] [49, 217] [52, 217] [53, 217] [61, 217] [77, 217] [82, 217] [93, 217] [95, 217] 
[p, d] = [20, 202] [27, 202] [36, 202] [52, 202] [59, 202] [62, 202] [62, 202] [63, 202] [68, 202] [75, 202] [82, 202] 
[p, d] = [8, 192] [17, 192] [21, 192] [27, 192] [37, 192] [49, 192] [59, 192] [82, 192] [90, 192] [92, 192] [94, 192] 
[p, d] = [13, 214] [26, 214] [36, 214] [41, 214] [58, 214] [61, 214] [72, 214] [72, 214] [86, 214] [87, 214] [91, 214] 
[p, d] = [5, 209] [18, 209] [47, 209] [52, 209] [60, 209] [61, 209] [64, 209] [64, 209] [83, 209] [85, 209] [90, 209] 
[p, d] = [8, 183] [26, 183] [29, 183] [36, 183] [36, 183] [44, 183] [44, 183] [67, 183] [78, 183] [91, 183] [92, 183] 
[p, d] = [6, 193] [8, 193] [27, 193] [47, 193] [48, 193] [51, 193] [65, 193] [68, 193] [70, 193] [93, 193] [96, 193] 
P = (cases = 10, n = 13, m = 3)
[p, d] = [9, 193] [20, 193] [20, 193] [24, 193] [28, 193] [41, 193] [46, 193] [50, 193] [52, 193] [59, 193] [64, 193] [77, 193] [91, 193] 
[p, d] = [5, 196] [11, 196] [13, 196] [23, 196] [27, 196] [31, 196] [39, 196] [41, 196] [71, 196] [73, 196] [78, 196] [86, 196] [90, 196] 
[p, d] = [16, 198] [22, 198] [24, 198] [28, 198] [32, 198] [36, 198] [38, 198] [42, 198] [50, 198] [66, 198] [68, 198] [75, 198] [98, 198] 
[p, d] = [13, 232] [19, 232] [20, 232] [29, 232] [38, 232] [50, 232] [56, 232] [64, 232] [75, 232] [76, 232] [78, 232] [83, 232] [95, 232] 
[p, d] = [9, 239] [22, 239] [23, 239] [25, 239] [43, 239] [56, 239] [57, 239] [60, 239] [69, 239] [80, 239] [81, 239] [95, 239] [97, 239] 
[p, d] = [8, 181] [19, 181] [19, 181] [19, 181] [29, 181] [35, 181] [38, 181] [41, 181] [47, 181] [57, 181] [71, 181] [78, 181] [84, 181] 
[p, d] = [16, 272] [19, 272] [27, 272] [46, 272] [61, 272] [62, 272] [68, 272] [77, 272] [82, 272] [84, 272] [91, 272] [91, 272] [92, 272] 
[p, d] = [5, 217] [14, 217] [23, 217] [44, 217] [46, 217] [48, 217] [53, 217] [53, 217] [53, 217] [61, 217] [79, 217] [80, 217] [92, 217] 
[p, d] = [6, 240] [8, 240] [15, 240] [22, 240] [39, 240] [55, 240] [65, 240] [76, 240] [77, 240] [85, 240] [86, 240] [91, 240] [95, 240] 
[p, d] = [10, 273] [37, 273] [39, 273] [47, 273] [50, 273] [56, 273] [66, 273] [68, 273] [73, 273] [88, 273] [91, 273] [96, 273] [99, 273] 
