P = (cases = 10, n = 45, m = 2)
[p, d] = [5, 1271] [10, 1271] [12, 1271] [14, 1271] [16, 1271] [19, 1271] [21, 1271] [25, 1271] [31, 1271] [32, 1271] [35, 1271] [36, 1271] [37, 1271] [38, 1271] [39, 1271] [40, 1271] [40, 1271] [41, 1271] [47, 1271] [47, 1271] [48, 1271] [53, 1271] [56, 1271] [61, 1271] [68, 1271] [68, 1271] [73, 1271] [73, 1271] [74, 1271] [75, 1271] [77, 1271] [77, 1271] [78, 1271] [80, 1271] [81, 1271] [87, 1271] [89, 1271] [90, 1271] [90, 1271] [90, 1271] [90, 1271] [92, 1271] [94, 1271] [96, 1271] [98, 1271] 
[p, d] = [5, 990] [5, 990] [5, 990] [6, 990] [6, 990] [9, 990] [9, 990] [10, 990] [16, 990] [19, 990] [20, 990] [21, 990] [24, 990] [30, 990] [32, 990] [32, 990] [33, 990] [35, 990] [38, 990] [39, 990] [40, 990] [41, 990] [43, 990] [45, 990] [47, 990] [49, 990] [50, 990] [51, 990] [57, 990] [57, 990] [57, 990] [58, 990] [59, 990] [61, 990] [63, 990] [65, 990] [67, 990] [73, 990] [77, 990] [79, 990] [82, 990] [84, 990] [92, 990] [93, 990] [97, 990] 
[p, d] = [5, 1155] [7, 1155] [8, 1155] [8, 1155] [11, 1155] [12, 1155] [16, 1155] [17, 1155] [17, 1155] [18, 1155] [20, 1155] [22, 1155] [23, 1155] [27, 1155] [30, 1155] [36, 1155] [40, 1155] [45, 1155] [46, 1155] [47, 1155] [52, 1155] [56, 1155] [59, 1155] [62, 1155] [62, 1155] [62, 1155] [63, 1155] [63, 1155] [64, 1155] [70, 1155] [70, 1155] [72, 1155] [75, 1155] [76, 1155] [77, 1155] [79, 1155] [80, 1155] [82, 1155] [84, 1155] [85, 1155] [88, 1155] [90, 1155] [93, 1155] [94, 1155] [98, 1155] 
[p, d] = [5, 1241] [11, 1241] [19, 1241] [20, 1241] [21, 1241] [22, 1241] [22, 1241] [23, 1241] [24, 1241] [29, 1241] [33, 1241] [34, 1241] [35, 1241] [37, 1241] [39, 1241] [40, 1241] [40, 1241] [43, 1241] [45, 1241] [46, 1241] [51, 1241] [52, 1241] [56, 1241] [57, 1241] [59, 1241] [62, 1241] [67, 1241] [68, 1241] [68, 1241] [68, 1241] [70, 1241] [75, 1241] [76, 1241] [76, 1241] [82, 1241] [85, 1241] [85, 1241] [87, 1241] [88, 1241] [89, 1241] [92, 1241] [93, 1241] [93, 1241] [97, 1241] [98, 1241] 
[p, d] = [10, 1267] [11, 1267] [15, 1267] [18, 1267] [24, 1267] [24, 1267] [31, 1267] [33, 1267] [35, 1267] [35, 1267] [35, 1267] [35, 1267] [38, 1267] [44, 1267] [46, 1267] [48, 1267] [50, 1267] [51, 1267] [52, 1267] [52, 1267] [52, 1267] [53, 1267] [53, 1267] [54, 1267] [56, 1267] [57, 1267] [61, 1267] [62, 1267] [62, 1267] [66, 1267] [71, 1267] [72, 1267] [73, 1267] [76, 1267] [80, 1267] [83, 1267] [87, 1267] [88, 1267] [88, 1267] [88, 1267] [89, 1267] [91, 1267] [92, 1267] [96, 1267] [98, 1267] 
[p, d] = [5, 1111] [6, 1111] [9, 1111] [10, 1111] [15, 1111] [17, 1111] [17, 1111] [18, 1111] [20, 1111] [21, 1111] [22, 1111] [23, 1111] [25, 1111] [26, 1111] [27, 1111] [27, 1111] [29, 1111] [34, 1111] [36, 1111] [43, 1111] [46, 1111] [47, 1111] [50, 1111] [51, 1111] [52, 1111] [56, 1111] [57, 1111] [57, 1111] [60, 1111] [63, 1111] [66, 1111] [67, 1111] [74, 1111] [75, 1111] [80, 1111] [82, 1111] [82, 1111] [82, 1111] [85, 1111] [89, 1111] [90, 1111] [93, 1111] [95, 1111] [96, 1111] [98, 1111] 
[p, d] = [7, 1221] [7, 1221] [14, 1221] [14, 1221] [16, 1221] [18, 1221] [30, 1221] [31, 1221] [37, 1221] [37, 1221] [39, 1221] [39, 1221] [42, 1221] [44, 1221] [44, 1221] [44, 1221] [46, 1221] [49, 1221] [50, 1221] [50, 1221] [50, 1221] [51, 1221] [54, 1221] [54, 1221] [60, 1221] [60, 1221] [61, 1221] [64, 1221] [65, 1221] [66, 1221] [66, 1221] [67, 1221] [69, 1221] [70, 1221] [73, 1221] [74, 1221] [77, 1221] [79, 1221] [80, 1221] [81, 1221] [84, 1221] [92, 1221] [94, 1221] [94, 1221] [99, 1221] 
[p, d] = [5, 1122] [5, 1122] [5, 1122] [8, 1122] [8, 1122] [9, 1122] [18, 1122] [22, 1122] [23, 1122] [24, 1122] [25, 1122] [26, 1122] [26, 1122] [29, 1122] [33, 1122] [34, 1122] [36, 1122] [40, 1122] [43, 1122] [43, 1122] [46, 1122] [47, 1122] [49, 1122] [50, 1122] [52, 1122] [54, 1122] [57, 1122] [59, 1122] [62, 1122] [69, 1122] [69, 1122] [70, 1122] [73, 1122] [77, 1122] [79, 1122] [79, 1122] [80, 1122] [81, 1122] [82, 1122] [84, 1122] [90, 1122] [91, 1122] [92, 1122] [95, 1122] [96, 1122] 
[p, d] = [7, 1141] [8, 1141] [9, 1141] [15, 1141] [19, 1141] [19, 1141] [23, 1141] [24, 1141] [24, 1141] [26, 1141] [26, 1141] [27, 1141] [29, 1141] [29, 1141] [31, 1141] [34, 1141] [43, 1141] [44, 1141] [46, 1141] [47, 1141] [51, 1141] [51, 1141] [52, 1141] [52, 1141] [52, 1141] [53, 1141] [57, 1141] [58, 1141] [59, 1141] [60, 1141] [65, 1141] [67, 1141] [67, 1141] [68, 1141] [70, 1141] [75, 1141] [79, 1141] [79, 1141] [85, 1141] [88, 1141] [88, 1141] [88, 1141] [93, 1141] [97, 1141] [99, 1141] 
[p, d] = [5, 1230] [10, 1230] [10, 1230] [14, 1230] [17, 1230] [23, 1230] [26, 1230] [29, 1230] [34, 1230] [35, 1230] [35, 1230] [37, 1230] [40, 1230] [41, 1230] [44, 1230] [44, 1230] [46, 1230] [48, 1230] [50, 1230] [51, 1230] [52, 1230] [54, 1230] [56, 1230] [56, 1230] [56, 1230] [57, 1230] [58, 1230] [60, 1230] [64, 1230] [66, 1230] [67, 1230] [69, 1230] [71, 1230] [78, 1230] [79, 1230] [82, 1230] [82, 1230] [84, 1230] [84, 1230] [87, 1230] [89, 1230] [90, 1230] [92, 1230] [93, 1230] [96, 1230] 
P = (cases = 10, n = 50, m = 2)
[p, d] = [5, 1335] [7, 1335] [8, 1335] [8, 1335] [11, 1335] [16, 1335] [23, 1335] [27, 1335] [27, 1335] [28, 1335] [28, 1335] [29, 1335] [29, 1335] [31, 1335] [32, 1335] [38, 1335] [40, 1335] [40, 1335] [42, 1335] [44, 1335] [45, 1335] [46, 1335] [47, 1335] [48, 1335] [56, 1335] [56, 1335] [59, 1335] [59, 1335] [59, 1335] [60, 1335] [66, 1335] [68, 1335] [68, 1335] [69, 1335] [71, 1335] [77, 1335] [77, 1335] [78, 1335] [79, 1335] [83, 1335] [86, 1335] [86, 1335] [87, 1335] [87, 1335] [88, 1335] [88, 1335] [88, 1335] [89, 1335] [91, 1335] [97, 1335] 
[p, d] = [6, 1300] [13, 1300] [13, 1300] [14, 1300] [15, 1300] [16, 1300] [20, 1300] [21, 1300] [28, 1300] [30, 1300] [30, 1300] [31, 1300] [34, 1300] [39, 1300] [40, 1300] [41, 1300] [42, 1300] [42, 1300] [44, 1300] [46, 1300] [47, 1300] [47, 1300] [48, 1300] [49, 1300] [51, 1300] [51, 1300] [52, 1300] [53, 1300] [54, 1300] [57, 1300] [58, 1300] [59, 1300] [60, 1300] [60, 1300] [62, 1300] [66, 1300] [67, 1300] [67, 1300] [71, 1300] [76, 1300] [80, 1300] [81, 1300] [81, 1300] [82, 1300] [89, 1300] [90, 1300] [92, 1300] [93, 1300] [94, 1300] [98, 1300] 
[p, d] = [6, 1382] [7, 1382] [10, 1382] [12, 1382] [18, 1382] [21, 1382] [24, 1382] [27, 1382] [28, 1382] [29, 1382] [29, 1382] [29, 1382] [30, 1382] [33, 1382] [33, 1382] [36, 1382] [39, 1382] [43, 1382] [46, 1382] [50, 1382] [52, 1382] [56, 1382] [56, 1382] [60, 1382] [63, 1382] [64, 1382] [64, 1382] [65, 1382] [66, 1382] [66, 1382] [66, 1382] [68, 1382] [71, 1382] [72, 1382] [73, 1382] [74, 1382] [74, 1382] [77, 1382] [78, 1382] [81, 1382] [81, 1382] [82, 1382] [82, 1382] [85, 1382] [85, 1382] [86, 1382] [88, 1382] [91, 1382] [94, 1382] [95, 1382] 
[p, d] = [5, 1245] [6, 1245] [7, 1245] [11, 1245] [12, 1245] [12, 1245] [14, 1245] [16, 1245] [21, 1245] [22, 1245] [26, 1245] [26, 1245] [28, 1245] [32, 1245] [33, 1245] [34, 1245] [38, 1245] [39, 1245] [41, 1245] [42, 1245] [42, 1245] [45, 1245] [45, 1245] [46, 1245] [47, 1245] [47, 1245] [48, 1245] [48, 1245] [49, 1245] [50, 1245] [50, 1245] [53, 1245] [63, 1245] [64, 1245] [64, 1245] [69, 1245] [71, 1245] [72, 1245] [75, 1245] [79, 1245] [80, 1245] [81, 1245] [81, 1245] [81, 1245] [94, 1245] [94, 1245] [95, 1245] [97, 1245] [97, 1245] [98, 1245] 
[p, d] = [5, 1160] [6, 1160] [7, 1160] [7, 1160] [8, 1160] [10, 1160] [10, 1160] [11, 1160] [12, 1160] [13, 1160] [18, 1160] [18, 1160] [23, 1160] [23, 1160] [26, 1160] [26, 1160] [32, 1160] [32, 1160] [35, 1160] [35, 1160] [36, 1160] [40, 1160] [41, 1160] [41, 1160] [43, 1160] [44, 1160] [44, 1160] [50, 1160] [50, 1160] [52, 1160] [55, 1160] [55, 1160] [58, 1160] [59, 1160] [61, 1160] [64, 1160] [64, 1160] [69, 1160] [75, 1160] [78, 1160] [79, 1160] [80, 1160] [83, 1160] [89, 1160] [89, 1160] [90, 1160] [90, 1160] [93, 1160] [94, 1160] [98, 1160] 
[p, d] = [5, 1254] [6, 1254] [7, 1254] [8, 1254] [10, 1254] [11, 1254] [15, 1254] [16, 1254] [23, 1254] [27, 1254] [29, 1254] [31, 1254] [34, 1254] [34, 1254] [34, 1254] [36, 1254] [36, 1254] [38, 1254] [41, 1254] [45, 1254] [45, 1254] [47, 1254] [48, 1254] [48, 1254] [49, 1254] [50, 1254] [53, 1254] [54, 1254] [54, 1254] [57, 1254] [58, 1254] [60, 1254] [63, 1254] [64, 1254] [65, 1254] [66, 1254] [66, 1254] [67, 1254] [68, 1254] [77, 1254] [77, 1254] [79, 1254] [80, 1254] [80, 1254] [83, 1254] [89, 1254] [91, 1254] [93, 1254] [95, 1254] [96, 1254] 
[p, d] = [11, 1390] [12, 1390] [18, 1390] [18, 1390] [19, 1390] [21, 1390] [25, 1390] [27, 1390] [32, 1390] [34, 1390] [35, 1390] [35, 1390] [35, 1390] [36, 1390] [37, 1390] [38, 1390] [41, 1390] [44, 1390] [46, 1390] [48, 1390] [50, 1390] [51, 1390] [55, 1390] [56, 1390] [57, 1390] [57, 1390] [57, 1390] [60, 1390] [62, 1390] [63, 1390] [64, 1390] [66, 1390] [67, 1390] [68, 1390] [69, 1390] [71, 1390] [73, 1390] [76, 1390] [78, 1390] [79, 1390] [80, 1390] [80, 1390] [84, 1390] [86, 1390] [90, 1390] [92, 1390] [92, 1390] [92, 1390] [95, 1390] [99, 1390] 
[p, d] = [5, 1148] [7, 1148] [8, 1148] [9, 1148] [14, 1148] [14, 1148] [14, 1148] [15, 1148] [15, 1148] [15, 1148] [17, 1148] [18, 1148] [18, 1148] [22, 1148] [23, 1148] [24, 1148] [32, 1148] [33, 1148] [34, 1148] [39, 1148] [40, 1148] [41, 1148] [43, 1148] [43, 1148] [45, 1148] [48, 1148] [48, 1148] [48, 1148] [48, 1148] [49, 1148] [50, 1148] [51, 1148] [54, 1148] [59, 1148] [60, 1148] [62, 1148] [67, 1148] [68, 1148] [69, 1148] [75, 1148] [76, 1148] [78, 1148] [79, 1148] [81, 1148] [84, 1148] [84, 1148] [85, 1148] [94, 1148] [94, 1148] [98, 1148] 
[p, d] = [5, 1255] [5, 1255] [8, 1255] [9, 1255] [9, 1255] [12, 1255] [15, 1255] [20, 1255] [21, 1255] [21, 1255] [23, 1255] [23, 1255] [24, 1255] [29, 1255] [30, 1255] [34, 1255] [35, 1255] [38, 1255] [39, 1255] [41, 1255] [41, 1255] [41, 1255] [46, 1255] [46, 1255] [49, 1255] [50, 1255] [51, 1255] [52, 1255] [52, 1255] [53, 1255] [55, 1255] [56, 1255] [57, 1255] [58, 1255] [66, 1255] [68, 1255] [73, 1255] [74, 1255] [76, 1255] [78, 1255] [81, 1255] [88, 1255] [91, 1255] [91, 1255] [91, 1255] [95, 1255] [97, 1255] [97, 1255] [98, 1255] [99, 1255] 
[p, d] = [8, 1437] [9, 1437] [17, 1437] [23, 1437] [25, 1437] [32, 1437] [32, 1437] [33, 1437] [34, 1437] [37, 1437] [39, 1437] [40, 1437] [45, 1437] [45, 1437] [47, 1437] [47, 1437] [49, 1437] [50, 1437] [51, 1437] [52, 1437] [54, 1437] [55, 1437] [55, 1437] [58, 1437] [60, 1437] [63, 1437] [64, 1437] [64, 1437] [65, 1437] [65, 1437] [66, 1437] [68, 1437] [69, 1437] [70, 1437] [70, 1437] [72, 1437] [73, 1437] [73, 1437] [75, 1437] [75, 1437] [77, 1437] [78, 1437] [79, 1437] [83, 1437] [83, 1437] [84, 1437] [86, 1437] [87, 1437] [94, 1437] [94, 1437] 
P = (cases = 10, n = 55, m = 2)
[p, d] = [9, 1471] [11, 1471] [14, 1471] [14, 1471] [14, 1471] [16, 1471] [18, 1471] [19, 1471] [23, 1471] [23, 1471] [24, 1471] [25, 1471] [29, 1471] [30, 1471] [33, 1471] [33, 1471] [34, 1471] [35, 1471] [35, 1471] [35, 1471] [40, 1471] [44, 1471] [46, 1471] [46, 1471] [47, 1471] [53, 1471] [54, 1471] [55, 1471] [55, 1471] [57, 1471] [61, 1471] [62, 1471] [65, 1471] [65, 1471] [65, 1471] [68, 1471] [69, 1471] [70, 1471] [73, 1471] [75, 1471] [76, 1471] [79, 1471] [79, 1471] [83, 1471] [85, 1471] [85, 1471] [86, 1471] [87, 1471] [88, 1471] [88, 1471] [88, 1471] [90, 1471] [92, 1471] [95, 1471] [97, 1471] 
[p, d] = [5, 1371] [7, 1371] [8, 1371] [9, 1371] [9, 1371] [9, 1371] [19, 1371] [20, 1371] [22, 1371] [22, 1371] [25, 1371] [26, 1371] [33, 1371] [34, 1371] [35, 1371] [35, 1371] [36, 1371] [38, 1371] [40, 1371] [41, 1371] [43, 1371] [44, 1371] [45, 1371] [45, 1371] [45, 1371] [48, 1371] [50, 1371] [54, 1371] [54, 1371] [54, 1371] [56, 1371] [56, 1371] [56, 1371] [57, 1371] [59, 1371] [60, 1371] [60, 1371] [61, 1371] [63, 1371] [63, 1371] [64, 1371] [64, 1371] [66, 1371] [67, 1371] [69, 1371] [75, 1371] [76, 1371] [77, 1371] [78, 1371] [88, 1371] [89, 1371] [91, 1371] [95, 1371] [99, 1371] [99, 1371] 
[p, d] = [5, 1352] [5, 1352] [6, 1352] [10, 1352] [11, 1352] [14, 1352] [15, 1352] [16, 1352] [19, 1352] [20, 1352] [23, 1352] [24, 1352] [29, 1352] [29, 1352] [30, 1352] [31, 1352] [31, 1352] [36, 1352] [36, 1352] [36, 1352] [39, 1352] [39, 1352] [39, 1352] [41, 1352] [42, 1352] [43, 1352] [45, 1352] [45, 1352] [45, 1352] [46, 1352] [48, 1352] [50, 1352] [51, 1352] [56, 1352] [56, 1352] [59, 1352] [60, 1352] [60, 1352] [69, 1352] [69, 1352] [75, 1352] [78, 1352] [78, 1352] [79, 1352] [79, 1352] [81, 1352] [83, 1352] [84, 1352] [85, 1352] [87, 1352] [89, 1352] [90, 1352] [94, 1352] [97, 1352] [97, 1352] 
[p, d] = [5, 1296] [5, 1296] [9, 1296] [11, 1296] [13, 1296] [14, 1296] [14, 1296] [14, 1296] [14, 1296] [17, 1296] [17, 1296] [20, 1296] [22, 1296] [23, 1296] [23, 1296] [24, 1296] [25, 1296] [26, 1296] [27, 1296] [27, 1296] [31, 1296] [32, 1296] [33, 1296] [41, 1296] [41, 1296] [42, 1296] [42, 1296] [42, 1296] [44, 1296] [45, 1296] [48, 1296] [50, 1296] [53, 1296] [57, 1296] [58, 1296] [59, 1296] [60, 1296] [60, 1296] [63, 1296] [64, 1296] [69, 1296] [69, 1296] [70, 1296] [76, 1296] [79, 1296] [82, 1296] [87, 1296] [89, 1296] [89, 1296] [90, 1296] [93, 1296] [94, 1296] [95, 1296] [97, 1296] [99, 1296] 
[p, d] = [5, 1325] [5, 1325] [6, 1325] [8, 1325] [9, 1325] [9, 1325] [9, 1325] [15, 1325] [15, 1325] [16, 1325] [17, 1325] [20, 1325] [21, 1325] [22, 1325] [23, 1325] [24, 1325] [25, 1325] [25, 1325] [27, 1325] [30, 1325] [31, 1325] [35, 1325] [36, 1325] [37, 1325] [38, 1325] [40, 1325] [44, 1325] [49, 1325] [52, 1325] [54, 1325] [55, 1325] [55, 1325] [56, 1325] [63, 1325] [63, 1325] [64, 1325] [67, 1325] [67, 1325] [68, 1325] [70, 1325] [71, 1325] [72, 1325] [73, 1325] [81, 1325] [82, 1325] [82, 1325] [82, 1325] [84, 1325] [85, 1325] [85, 1325] [94, 1325] [94, 1325] [96, 1325] [97, 1325] [98, 1325] 
[p, d] = [6, 1209] [8, 1209] [9, 1209] [11, 1209] [11, 1209] [13, 1209] [14, 1209] [14, 1209] [15, 1209] [16, 1209] [17, 1209] [17, 1209] [18, 1209] [20, 1209] [22, 1209] [24, 1209] [24, 1209] [25, 1209] [26, 1209] [29, 1209] [30, 1209] [34, 1209] [36, 1209] [40, 1209] [42, 1209] [42, 1209] [43, 1209] [45, 1209] [46, 1209] [47, 1209] [50, 1209] [52, 1209] [53, 1209] [53, 1209] [54, 1209] [55, 1209] [57, 1209] [59, 1209] [60, 1209] [61, 1209] [62, 1209] [63, 1209] [65, 1209] [65, 1209] [65, 1209] [67, 1209] [71, 1209] [74, 1209] [76, 1209] [79, 1209] [80, 1209] [83, 1209] [89, 1209] [91, 1209] [91, 1209] 
[p, d] = [5, 1488] [8, 1488] [11, 1488] [16, 1488] [17, 1488] [19, 1488] [24, 1488] [24, 1488] [26, 1488] [26, 1488] [27, 1488] [27, 1488] [30, 1488] [34, 1488] [38, 1488] [38, 1488] [40, 1488] [41, 1488] [41, 1488] [41, 1488] [45, 1488] [45, 1488] [45, 1488] [51, 1488] [52, 1488] [52, 1488] [53, 1488] [54, 1488] [57, 1488] [58, 1488] [59, 1488] [60, 1488] [65, 1488] [65, 1488] [65, 1488] [65, 1488] [67, 1488] [67, 1488] [68, 1488] [68, 1488] [70, 1488] [76, 1488] [76, 1488] [77, 1488] [77, 1488] [81, 1488] [84, 1488] [87, 1488] [87, 1488] [92, 1488] [92, 1488] [93, 1488] [97, 1488] [97, 1488] [97, 1488] 
[p, d] = [6, 1388] [6, 1388] [6, 1388] [6, 1388] [7, 1388] [9, 1388] [11, 1388] [12, 1388] [14, 1388] [17, 1388] [17, 1388] [18, 1388] [24, 1388] [30, 1388] [31, 1388] [32, 1388] [32, 1388] [34, 1388] [37, 1388] [37, 1388] [38, 1388] [44, 1388] [44, 1388] [45, 1388] [45, 1388] [46, 1388] [48, 1388] [51, 1388] [55, 1388] [57, 1388] [57, 1388] [58, 1388] [63, 1388] [64, 1388] [65, 1388] [66, 1388] [67, 1388] [67, 1388] [68, 1388] [68, 1388] [73, 1388] [74, 1388] [76, 1388] [78, 1388] [79, 1388] [80, 1388] [83, 1388] [85, 1388] [86, 1388] [87, 1388] [90, 1388] [95, 1388] [95, 1388] [96, 1388] [98, 1388] 
[p, d] = [11, 1507] [12, 1507] [13, 1507] [14, 1507] [15, 1507] [18, 1507] [19, 1507] [21, 1507] [22, 1507] [22, 1507] [25, 1507] [32, 1507] [32, 1507] [34, 1507] [34, 1507] [36, 1507] [37, 1507] [38, 1507] [38, 1507] [42, 1507] [45, 1507] [49, 1507] [52, 1507] [53, 1507] [55, 1507] [60, 1507] [61, 1507] [61, 1507] [61, 1507] [63, 1507] [63, 1507] [64, 1507] [65, 1507] [66, 1507] [67, 1507] [68, 1507] [70, 1507] [70, 1507] [72, 1507] [75, 1507] [76, 1507] [76, 1507] [77, 1507] [78, 1507] [79, 1507] [81, 1507] [81, 1507] [84, 1507] [84, 1507] [84, 1507] [88, 1507] [89, 1507] [89, 1507] [96, 1507] [97, 1507] 
[p, d] = [5, 1657] [6, 1657] [16, 1657] [18, 1657] [22, 1657] [23, 1657] [24, 1657] [27, 1657] [32, 1657] [34, 1657] [36, 1657] [37, 1657] [37, 1657] [39, 1657] [41, 1657] [42, 1657] [43, 1657] [45, 1657] [49, 1657] [50, 1657] [54, 1657] [55, 1657] [56, 1657] [57, 1657] [57, 1657] [57, 1657] [61, 1657] [62, 1657] [62, 1657] [63, 1657] [65, 1657] [65, 1657] [72, 1657] [72, 1657] [74, 1657] [76, 1657] [77, 1657] [78, 1657] [80, 1657] [82, 1657] [82, 1657] [84, 1657] [86, 1657] [87, 1657] [88, 1657] [88, 1657] [90, 1657] [90, 1657] [91, 1657] [92, 1657] [96, 1657] [96, 1657] [96, 1657] [99, 1657] [99, 1657] 
P = (cases = 10, n = 60, m = 2)
[p, d] = [6, 1602] [6, 1602] [7, 1602] [7, 1602] [9, 1602] [12, 1602] [12, 1602] [13, 1602] [15, 1602] [16, 1602] [16, 1602] [20, 1602] [21, 1602] [23, 1602] [23, 1602] [32, 1602] [36, 1602] [38, 1602] [40, 1602] [40, 1602] [42, 1602] [43, 1602] [44, 1602] [47, 1602] [48, 1602] [48, 1602] [50, 1602] [50, 1602] [52, 1602] [53, 1602] [54, 1602] [55, 1602] [59, 1602] [60, 1602] [60, 1602] [67, 1602] [67, 1602] [68, 1602] [72, 1602] [72, 1602] [73, 1602] [75, 1602] [75, 1602] [75, 1602] [78, 1602] [78, 1602] [78, 1602] [80, 1602] [80, 1602] [81, 1602] [83, 1602] [88, 1602] [90, 1602] [90, 1602] [92, 1602] [93, 1602] [97, 1602] [97, 1602] [99, 1602] [99, 1602] 
[p, d] = [5, 1500] [5, 1500] [8, 1500] [10, 1500] [12, 1500] [13, 1500] [14, 1500] [17, 1500] [19, 1500] [20, 1500] [22, 1500] [23, 1500] [25, 1500] [25, 1500] [26, 1500] [28, 1500] [30, 1500] [36, 1500] [36, 1500] [38, 1500] [42, 1500] [42, 1500] [42, 1500] [43, 1500] [43, 1500] [44, 1500] [44, 1500] [47, 1500] [47, 1500] [48, 1500] [53, 1500] [54, 1500] [55, 1500] [57, 1500] [58, 1500] [58, 1500] [60, 1500] [60, 1500] [62, 1500] [63, 1500] [66, 1500] [66, 1500] [66, 1500] [67, 1500] [68, 1500] [70, 1500] [71, 1500] [72, 1500] [73, 1500] [79, 1500] [79, 1500] [80, 1500] [80, 1500] [85, 1500] [86, 1500] [87, 1500] [89, 1500] [90, 1500] [95, 1500] [98, 1500] 
[p, d] = [9, 1618] [9, 1618] [10, 1618] [12, 1618] [13, 1618] [15, 1618] [15, 1618] [18, 1618] [19, 1618] [20, 1618] [23, 1618] [23, 1618] [24, 1618] [25, 1618] [27, 1618] [28, 1618] [29, 1618] [30, 1618] [34, 1618] [43, 1618] [43, 1618] [45, 1618] [46, 1618] [46, 1618] [47, 1618] [47, 1618] [49, 1618] [52, 1618] [53, 1618] [54, 1618] [55, 1618] [58, 1618] [59, 1618] [60, 1618] [61, 1618] [64, 1618] [65, 1618] [65, 1618] [65, 1618] [69, 1618] [69, 1618] [73, 1618] [74, 1618] [79, 1618] [79, 1618] [80, 1618] [82, 1618] [83, 1618] [84, 1618] [85, 1618] [86, 1618] [87, 1618] [88, 1618] [89, 1618] [92, 1618] [93, 1618] [93, 1618] [96, 1618] [97, 1618] [99, 1618] 
[p, d] = [6, 1314] [7, 1314] [9, 1314] [10, 1314] [11, 1314] [12, 1314] [13, 1314] [17, 1314] [17, 1314] [18, 1314] [20, 1314] [21, 1314] [21, 1314] [22, 1314] [25, 1314] [25, 1314] [25, 1314] [27, 1314] [28, 1314] [29, 1314] [30, 1314] [32, 1314] [32, 1314] [33, 1314] [34, 1314] [35, 1314] [36, 1314] [36, 1314] [36, 1314] [39, 1314] [41, 1314] [41, 1314] [43, 1314] [43, 1314] [45, 1314] [48, 1314] [48, 1314] [49, 1314] [49, 1314] [50, 1314] [51, 1314] [53, 1314] [54, 1314] [61, 1314] [61, 1314] [62, 1314] [65, 1314] [66, 1314] [68, 1314] [70, 1314] [78, 1314] [78, 1314] [78, 1314] [79, 1314] [82, 1314] [83, 1314] [89, 1314] [92, 1314] [97, 1314] [98, 1314] 
[p, d] = [5, 1622] [7, 1622] [8, 1622] [9, 1622] [9, 1622] [13, 1622] [14, 1622] [16, 1622] [17, 1622] [18, 1622] [18, 1622] [21, 1622] [25, 1622] [29, 1622] [29, 1622] [32, 1622] [37, 1622] [38, 1622] [41, 1622] [42, 1622] [42, 1622] [44, 1622] [45, 1622] [49, 1622] [49, 1622] [49, 1622] [51, 1622] [51, 1622] [51, 1622] [52, 1622] [53, 1622] [54, 1622] [55, 1622] [56, 1622] [57, 1622] [58, 1622] [59, 1622] [62, 1622] [62, 1622] [63, 1622] [65, 1622] [65, 1622] [71, 1622] [80, 1622] [80, 1622] [83, 1622] [83, 1622] [88, 1622] [89, 1622] [90, 1622] [91, 1622] [94, 1622] [94, 1622] [96, 1622] [96, 1622] [97, 1622] [97, 1622] [98, 1622] [98, 1622] [99, 1622] 
[p, d] = [8, 1705] [8, 1705] [8, 1705] [10, 1705] [11, 1705] [14, 1705] [15, 1705] [21, 1705] [21, 1705] [23, 1705] [25, 1705] [26, 1705] [28, 1705] [28, 1705] [28, 1705] [34, 1705] [34, 1705] [35, 1705] [35, 1705] [35, 1705] [38, 1705] [39, 1705] [43, 1705] [43, 1705] [47, 1705] [51, 1705] [51, 1705] [52, 1705] [52, 1705] [57, 1705] [58, 1705] [58, 1705] [62, 1705] [63, 1705] [65, 1705] [67, 1705] [71, 1705] [74, 1705] [76, 1705] [78, 1705] [80, 1705] [80, 1705] [81, 1705] [82, 1705] [85, 1705] [86, 1705] [87, 1705] [87, 1705] [92, 1705] [92, 1705] [93, 1705] [94, 1705] [95, 1705] [96, 1705] [97, 1705] [97, 1705] [98, 1705] [98, 1705] [99, 1705] [99, 1705] 
[p, d] = [10, 1539] [11, 1539] [12, 1539] [12, 1539] [13, 1539] [13, 1539] [14, 1539] [15, 1539] [16, 1539] [16, 1539] [18, 1539] [20, 1539] [21, 1539] [22, 1539] [27, 1539] [28, 1539] [29, 1539] [29, 1539] [31, 1539] [33, 1539] [33, 1539] [34, 1539] [36, 1539] [41, 1539] [45, 1539] [45, 1539] [45, 1539] [49, 1539] [49, 1539] [51, 1539] [52, 1539] [53, 1539] [55, 1539] [56, 1539] [56, 1539] [58, 1539] [62, 1539] [65, 1539] [68, 1539] [69, 1539] [70, 1539] [70, 1539] [71, 1539] [71, 1539] [75, 1539] [78, 1539] [79, 1539] [80, 1539] [83, 1539] [83, 1539] [85, 1539] [87, 1539] [87, 1539] [88, 1539] [91, 1539] [93, 1539] [93, 1539] [94, 1539] [94, 1539] [95, 1539] 
[p, d] = [5, 1530] [7, 1530] [9, 1530] [12, 1530] [14, 1530] [16, 1530] [16, 1530] [21, 1530] [23, 1530] [25, 1530] [26, 1530] [27, 1530] [29, 1530] [30, 1530] [32, 1530] [33, 1530] [34, 1530] [34, 1530] [35, 1530] [36, 1530] [37, 1530] [38, 1530] [38, 1530] [40, 1530] [44, 1530] [47, 1530] [47, 1530] [48, 1530] [50, 1530] [50, 1530] [51, 1530] [51, 1530] [51, 1530] [51, 1530] [53, 1530] [53, 1530] [53, 1530] [53, 1530] [59, 1530] [61, 1530] [62, 1530] [65, 1530] [67, 1530] [67, 1530] [71, 1530] [74, 1530] [74, 1530] [76, 1530] [79, 1530] [80, 1530] [80, 1530] [83, 1530] [85, 1530] [90, 1530] [90, 1530] [90, 1530] [96, 1530] [96, 1530] [98, 1530] [99, 1530] 
[p, d] = [6, 1666] [8, 1666] [8, 1666] [8, 1666] [10, 1666] [10, 1666] [15, 1666] [16, 1666] [19, 1666] [22, 1666] [25, 1666] [28, 1666] [31, 1666] [34, 1666] [35, 1666] [37, 1666] [37, 1666] [37, 1666] [39, 1666] [39, 1666] [40, 1666] [45, 1666] [48, 1666] [50, 1666] [52, 1666] [53, 1666] [54, 1666] [54, 1666] [55, 1666] [57, 1666] [61, 1666] [62, 1666] [62, 1666] [62, 1666] [66, 1666] [67, 1666] [68, 1666] [68, 1666] [71, 1666] [71, 1666] [72, 1666] [74, 1666] [75, 1666] [76, 1666] [77, 1666] [78, 1666] [81, 1666] [82, 1666] [83, 1666] [84, 1666] [84, 1666] [85, 1666] [85, 1666] [88, 1666] [91, 1666] [96, 1666] [96, 1666] [98, 1666] [98, 1666] [99, 1666] 
[p, d] = [5, 1550] [5, 1550] [8, 1550] [10, 1550] [12, 1550] [12, 1550] [15, 1550] [19, 1550] [20, 1550] [22, 1550] [23, 1550] [24, 1550] [25, 1550] [28, 1550] [29, 1550] [31, 1550] [32, 1550] [35, 1550] [36, 1550] [38, 1550] [38, 1550] [38, 1550] [38, 1550] [43, 1550] [43, 1550] [43, 1550] [46, 1550] [48, 1550] [50, 1550] [50, 1550] [51, 1550] [52, 1550] [52, 1550] [53, 1550] [53, 1550] [53, 1550] [54, 1550] [57, 1550] [58, 1550] [59, 1550] [64, 1550] [68, 1550] [72, 1550] [74, 1550] [76, 1550] [78, 1550] [79, 1550] [79, 1550] [85, 1550] [85, 1550] [89, 1550] [89, 1550] [89, 1550] [90, 1550] [94, 1550] [95, 1550] [96, 1550] [96, 1550] [97, 1550] [97, 1550] 
P = (cases = 10, n = 65, m = 2)
[p, d] = [5, 1679] [7, 1679] [7, 1679] [9, 1679] [9, 1679] [10, 1679] [11, 1679] [13, 1679] [15, 1679] [15, 1679] [17, 1679] [20, 1679] [21, 1679] [23, 1679] [23, 1679] [28, 1679] [29, 1679] [30, 1679] [33, 1679] [34, 1679] [35, 1679] [38, 1679] [42, 1679] [43, 1679] [44, 1679] [45, 1679] [47, 1679] [48, 1679] [48, 1679] [49, 1679] [49, 1679] [50, 1679] [52, 1679] [55, 1679] [59, 1679] [60, 1679] [61, 1679] [61, 1679] [65, 1679] [65, 1679] [65, 1679] [67, 1679] [70, 1679] [70, 1679] [71, 1679] [71, 1679] [71, 1679] [73, 1679] [74, 1679] [74, 1679] [74, 1679] [78, 1679] [78, 1679] [79, 1679] [81, 1679] [81, 1679] [83, 1679] [83, 1679] [83, 1679] [86, 1679] [90, 1679] [90, 1679] [96, 1679] [97, 1679] [99, 1679] 
[p, d] = [5, 1716] [6, 1716] [7, 1716] [8, 1716] [9, 1716] [12, 1716] [14, 1716] [15, 1716] [20, 1716] [21, 1716] [21, 1716] [23, 1716] [26, 1716] [26, 1716] [26, 1716] [28, 1716] [29, 1716] [31, 1716] [31, 1716] [33, 1716] [37, 1716] [38, 1716] [41, 1716] [42, 1716] [45, 1716] [45, 1716] [46, 1716] [46, 1716] [46, 1716] [48, 1716] [51, 1716] [52, 1716] [56, 1716] [56, 1716] [58, 1716] [59, 1716] [59, 1716] [61, 1716] [63, 1716] [64, 1716] [65, 1716] [66, 1716] [67, 1716] [67, 1716] [72, 1716] [73, 1716] [74, 1716] [76, 1716] [77, 1716] [77, 1716] [77, 1716] [78, 1716] [81, 1716] [83, 1716] [83, 1716] [86, 1716] [87, 1716] [88, 1716] [88, 1716] [89, 1716] [91, 1716] [92, 1716] [95, 1716] [97, 1716] [99, 1716] 
[p, d] = [7, 1683] [7, 1683] [8, 1683] [9, 1683] [9, 1683] [10, 1683] [12, 1683] [13, 1683] [14, 1683] [15, 1683] [15, 1683] [16, 1683] [17, 1683] [17, 1683] [18, 1683] [23, 1683] [26, 1683] [30, 1683] [31, 1683] [31, 1683] [31, 1683] [32, 1683] [37, 1683] [37, 1683] [39, 1683] [40, 1683] [41, 1683] [45, 1683] [45, 1683] [50, 1683] [51, 1683] [56, 1683] [58, 1683] [58, 1683] [58, 1683] [60, 1683] [62, 1683] [62, 1683] [64, 1683] [65, 1683] [65, 1683] [67, 1683] [67, 1683] [69, 1683] [71, 1683] [72, 1683] [73, 1683] [73, 1683] [75, 1683] [77, 1683] [79, 1683] [80, 1683] [80, 1683] [82, 1683] [83, 1683] [84, 1683] [90, 1683] [92, 1683] [93, 1683] [94, 1683] [95, 1683] [95, 1683] [96, 1683] [97, 1683] [98, 1683] 
[p, d] = [6, 1701] [7, 1701] [8, 1701] [10, 1701] [11, 1701] [12, 1701] [12, 1701] [13, 1701] [13, 1701] [19, 1701] [19, 1701] [19, 1701] [22, 1701] [22, 1701] [22, 1701] [23, 1701] [25, 1701] [29, 1701] [33, 1701] [35, 1701] [37, 1701] [37, 1701] [43, 1701] [46, 1701] [49, 1701] [50, 1701] [50, 1701] [53, 1701] [54, 1701] [54, 1701] [55, 1701] [56, 1701] [56, 1701] [56, 1701] [58, 1701] [59, 1701] [59, 1701] [61, 1701] [64, 1701] [66, 1701] [67, 1701] [68, 1701] [68, 1701] [69, 1701] [72, 1701] [72, 1701] [72, 1701] [72, 1701] [72, 1701] [74, 1701] [75, 1701] [75, 1701] [75, 1701] [77, 1701] [77, 1701] [79, 1701] [81, 1701] [82, 1701] [86, 1701] [90, 1701] [92, 1701] [93, 1701] [96, 1701] [97, 1701] [99, 1701] 
[p, d] = [6, 1749] [7, 1749] [8, 1749] [9, 1749] [9, 1749] [9, 1749] [10, 1749] [19, 1749] [19, 1749] [21, 1749] [22, 1749] [23, 1749] [25, 1749] [28, 1749] [29, 1749] [32, 1749] [35, 1749] [35, 1749] [35, 1749] [35, 1749] [37, 1749] [42, 1749] [43, 1749] [45, 1749] [46, 1749] [48, 1749] [50, 1749] [51, 1749] [54, 1749] [55, 1749] [55, 1749] [55, 1749] [56, 1749] [57, 1749] [57, 1749] [58, 1749] [58, 1749] [61, 1749] [61, 1749] [62, 1749] [62, 1749] [62, 1749] [63, 1749] [63, 1749] [65, 1749] [70, 1749] [72, 1749] [72, 1749] [73, 1749] [73, 1749] [76, 1749] [76, 1749] [78, 1749] [86, 1749] [88, 1749] [90, 1749] [92, 1749] [93, 1749] [94, 1749] [95, 1749] [96, 1749] [97, 1749] [98, 1749] [99, 1749] [99, 1749] 
[p, d] = [6, 1709] [6, 1709] [8, 1709] [8, 1709] [8, 1709] [9, 1709] [9, 1709] [10, 1709] [11, 1709] [12, 1709] [13, 1709] [17, 1709] [20, 1709] [20, 1709] [20, 1709] [20, 1709] [21, 1709] [26, 1709] [27, 1709] [29, 1709] [34, 1709] [34, 1709] [40, 1709] [44, 1709] [45, 1709] [47, 1709] [47, 1709] [49, 1709] [51, 1709] [51, 1709] [52, 1709] [52, 1709] [54, 1709] [55, 1709] [56, 1709] [62, 1709] [63, 1709] [65, 1709] [67, 1709] [69, 1709] [69, 1709] [69, 1709] [71, 1709] [72, 1709] [72, 1709] [73, 1709] [74, 1709] [75, 1709] [75, 1709] [77, 1709] [78, 1709] [79, 1709] [83, 1709] [84, 1709] [84, 1709] [85, 1709] [88, 1709] [94, 1709] [94, 1709] [95, 1709] [97, 1709] [98, 1709] [98, 1709] [98, 1709] [99, 1709] 
[p, d] = [5, 1580] [5, 1580] [9, 1580] [10, 1580] [10, 1580] [11, 1580] [12, 1580] [13, 1580] [14, 1580] [15, 1580] [17, 1580] [18, 1580] [20, 1580] [20, 1580] [23, 1580] [24, 1580] [24, 1580] [26, 1580] [30, 1580] [31, 1580] [32, 1580] [32, 1580] [33, 1580] [34, 1580] [37, 1580] [37, 1580] [38, 1580] [39, 1580] [40, 1580] [42, 1580] [44, 1580] [45, 1580] [48, 1580] [50, 1580] [50, 1580] [51, 1580] [51, 1580] [52, 1580] [52, 1580] [53, 1580] [54, 1580] [56, 1580] [57, 1580] [59, 1580] [63, 1580] [68, 1580] [71, 1580] [71, 1580] [73, 1580] [75, 1580] [78, 1580] [79, 1580] [80, 1580] [80, 1580] [81, 1580] [82, 1580] [83, 1580] [88, 1580] [90, 1580] [90, 1580] [95, 1580] [96, 1580] [97, 1580] [98, 1580] [99, 1580] 
[p, d] = [5, 1736] [6, 1736] [7, 1736] [7, 1736] [10, 1736] [10, 1736] [10, 1736] [12, 1736] [14, 1736] [15, 1736] [17, 1736] [20, 1736] [25, 1736] [25, 1736] [26, 1736] [27, 1736] [27, 1736] [33, 1736] [35, 1736] [38, 1736] [40, 1736] [41, 1736] [44, 1736] [44, 1736] [45, 1736] [48, 1736] [48, 1736] [48, 1736] [49, 1736] [49, 1736] [50, 1736] [51, 1736] [56, 1736] [58, 1736] [60, 1736] [60, 1736] [61, 1736] [63, 1736] [64, 1736] [64, 1736] [65, 1736] [67, 1736] [67, 1736] [68, 1736] [72, 1736] [74, 1736] [78, 1736] [79, 1736] [80, 1736] [80, 1736] [82, 1736] [85, 1736] [85, 1736] [85, 1736] [86, 1736] [86, 1736] [87, 1736] [88, 1736] [89, 1736] [90, 1736] [90, 1736] [93, 1736] [93, 1736] [94, 1736] [97, 1736] 
[p, d] = [9, 1863] [12, 1863] [13, 1863] [15, 1863] [20, 1863] [20, 1863] [24, 1863] [31, 1863] [31, 1863] [33, 1863] [34, 1863] [37, 1863] [37, 1863] [38, 1863] [38, 1863] [38, 1863] [40, 1863] [40, 1863] [40, 1863] [42, 1863] [42, 1863] [44, 1863] [47, 1863] [48, 1863] [49, 1863] [49, 1863] [50, 1863] [51, 1863] [53, 1863] [55, 1863] [55, 1863] [57, 1863] [58, 1863] [58, 1863] [59, 1863] [61, 1863] [64, 1863] [65, 1863] [66, 1863] [68, 1863] [69, 1863] [70, 1863] [72, 1863] [72, 1863] [74, 1863] [74, 1863] [75, 1863] [76, 1863] [77, 1863] [78, 1863] [80, 1863] [80, 1863] [81, 1863] [81, 1863] [83, 1863] [84, 1863] [84, 1863] [85, 1863] [85, 1863] [87, 1863] [89, 1863] [92, 1863] [94, 1863] [95, 1863] [98, 1863] 
[p, d] = [5, 1800] [6, 1800] [6, 1800] [7, 1800] [8, 1800] [10, 1800] [11, 1800] [16, 1800] [16, 1800] [18, 1800] [19, 1800] [19, 1800] [20, 1800] [24, 1800] [25, 1800] [30, 1800] [30, 1800] [32, 1800] [35, 1800] [36, 1800] [39, 1800] [42, 1800] [44, 1800] [44, 1800] [46, 1800] [48, 1800] [50, 1800] [53, 1800] [53, 1800] [54, 1800] [56, 1800] [57, 1800] [61, 1800] [65, 1800] [66, 1800] [66, 1800] [67, 1800] [67, 1800] [68, 1800] [70, 1800] [70, 1800] [71, 1800] [72, 1800] [73, 1800] [74, 1800] [75, 1800] [76, 1800] [76, 1800] [79, 1800] [79, 1800] [83, 1800] [84, 1800] [86, 1800] [88, 1800] [88, 1800] [89, 1800] [89, 1800] [90, 1800] [91, 1800] [91, 1800] [95, 1800] [98, 1800] [98, 1800] [98, 1800] [99, 1800] 
